time (sec)	X vibration (m/s^2)	Y vibration (m/s^2)	Z vibration (m/s^2)
1.01	0.108072	-0.0394266	-0.272366
1.019	-0.215062	0.0185994	0.105119
1.03	-0.391171	0.0558148	0.33278
1.039	-0.546262	0.111563	0.446894
1.049	-0.632955	0.139335	0.52455
1.06	-0.595455	0.072509	0.709586
1.069	-0.530599	0.0536551	0.706768
1.08	-0.457874	-0.0379077	0.705981
1.09	-0.325533	-0.0743609	0.768547
1.099	-0.27394	-0.145478	0.833784
1.11	-0.253721	-0.214416	0.664569
1.119	-0.130165	-0.156414	0.599987
1.13	-0.0106841	-0.135673	0.501208
1.14	0.107282	-0.161308	0.224782
1.149	0.193886	-0.196806	-0.115496
1.16	0.342585	-0.197515	-0.430984
1.17	0.368839	-0.0781389	-0.533077
1.179	0.384417	-0.0985415	-0.49046
1.19	0.325268	0.0760389	-0.404061
1.199	0.124949	0.124219	-0.395395
1.21	0.00863087	0.153554	-0.440282
1.219	-0.206874	0.156715	-0.275481
1.23	-0.331593	0.139727	0.120177
1.24	-0.384399	0.0504606	0.0940965
1.249	-0.448074	-0.0375864	0.103759
1.26	-0.323689	-0.06308	0.0666551
1.27	-0.0664736	-0.0432625	-0.0773164
1.279	0.151248	0.0339552	-0.235511
1.289	0.149884	0.0231113	-0.203427
1.3	0.148837	0.0600796	-0.309825
1.31	0.31731	0.0666122	-0.237606
1.32	0.398734	0.131445	-0.19993
1.329	0.349754	0.070343	-0.142464
1.34	0.114459	0.170533	0.00570169
1.35	-0.108351	0.207276	-0.00271572
1.359	-0.101127	0.176045	-0.0772844
1.369	-0.0656945	0.144529	-0.171421
1.379	-0.0776494	0.105111	-0.275643
1.39	-0.222489	0.114791	-0.504894
1.4	-0.295109	0.0748033	-0.321518
1.409	-0.300194	-0.0139267	-0.0504626
1.419	-0.302633	-0.0191793	-0.0439655
1.429	-0.178769	-0.167633	0.212151
1.439	-0.0262154	-0.215574	0.442842
1.45	0.0841414	-0.281793	0.52065
1.46	0.129784	-0.255195	0.552118
1.47	0.1418	-0.227881	0.422015
1.479	0.109009	-0.191254	0.24491
1.49	0.132901	-0.129249	0.195107
1.5	0.207901	-0.152097	0.185109
1.509	0.340994	-0.195391	0.139218
1.52	0.451398	-0.156086	0.230048
1.529	0.43857	-0.133417	0.310229
1.54	0.245548	-0.05122	0.169255
1.55	0.0904604	-0.00705152	0.057037
1.559	0.0110154	0.0635795	-0.101123
1.569	0.0262344	0.0485714	-0.0783936
1.579	-0.00783842	0.108588	-0.0559957
1.589	-0.0178179	0.0767267	-0.179154
1.6	-0.0491462	0.0630751	-0.0641286
1.61	-0.154113	0.0703168	-0.0466832
1.619	-0.217162	0.0971471	-0.230401
1.63	-0.261679	0.114176	-0.23375
1.639	-0.247057	0.131534	-0.256779
1.649	-0.186385	0.167408	-0.108412
1.66	-0.17838	0.142054	-0.144947
1.669	-0.16881	0.0998484	-0.221266
1.68	-0.171489	0.133431	-0.240074
1.69	-0.19199	0.197444	-0.421641
1.698	-0.166465	0.196705	-0.412812
1.71	-0.0746221	0.159355	-0.413382
1.72	0.00584817	0.142443	-0.376286
1.729	0.0461222	0.0812293	-0.217495
1.74	0.199459	-0.0547604	0.0458052
1.749	0.208037	-0.13051	0.238886
1.76	0.253146	-0.120692	0.221519
1.77	0.249747	-0.154689	0.267202
1.779	0.178028	-0.176158	0.309456
1.79	-0.02076	-0.138	0.424868
1.8	-0.134695	-0.0986098	0.463319
1.809	-0.193817	-0.0305327	0.530076
1.819	-0.185469	-0.00725605	0.519595
1.829	-0.126964	-0.0933994	0.449886
1.84	-0.0504051	-0.0847911	0.199997
1.849	-0.00609308	-0.0191496	0.141031
1.86	-0.0441157	0.0129426	-0.0444511
1.869	-0.100815	0.101795	-0.258487
1.88	-0.192494	0.164122	-0.43521
1.889	-0.223856	0.206692	-0.525399
1.9	-0.184175	0.238347	-0.585214
1.909	-0.0928061	0.296068	-0.613882
1.919	-0.0420261	0.241965	-0.557936
1.929	-0.0646703	0.252762	-0.404488
1.94	-0.107489	0.104663	-0.194301
1.949	-0.0615157	0.129784	-0.196953
1.96	-0.0335719	0.23571	-0.0432201
1.97	0.0203507	0.218404	0.216162
1.98	0.0852714	0.0511967	0.340661
1.989	0.0150802	-0.096627	0.272441
2	0.0945918	-0.193845	0.0443556
2.009	0.355892	-0.149857	-0.00695082
2.02	0.744305	-0.351691	0.0250525
2.03	0.813098	-0.338319	0.027092
2.039	0.652326	-0.175561	-0.161492
2.049	0.566795	-0.0761116	-0.030686
2.059	0.686958	-0.20875	0.210155
2.069	0.827786	-0.227368	0.230001
2.079	0.451574	-0.428205	0.263827
2.089	-0.383787	-0.554878	0.374599
2.1	-0.381251	0.0546697	0.308341
2.109	-0.106129	0.00622167	0.0608509
2.119	0.363059	-0.176415	0.90144
2.13	0.578012	-0.46466	0.453316
2.139	0.427149	-0.444552	-0.208466
2.15	0.218826	-0.169563	-0.668328
2.16	-0.0623475	0.101343	-0.844585
2.169	-0.0200395	0.257435	-0.407074
2.18	0.237891	0.117265	0.39024
2.19	0.360536	-0.12551	0.942923
2.199	0.513826	-0.213356	1.05685
2.209	0.382218	-0.345323	1.18092
2.219	0.328448	-0.499488	1.10098
2.23	-0.127479	-0.766783	0.518641
2.239	-0.864588	-0.260275	-0.599221
2.25	-1.24238	0.375436	-1.26039
2.26	-1.90044	0.708192	-1.0836
2.269	-1.65157	0.968	-0.437781
2.28	-1.21861	0.793113	-0.0389453
2.29	-1.17029	0.823559	0.247489
2.299	-1.2866	0.686249	0.343901
2.31	-0.819746	-0.187088	0.149157
2.32	-0.598034	-0.395365	-0.01999
2.329	-0.582565	-0.466914	0.0877337
2.34	-0.409684	-0.175032	-0.156723
2.349	-0.0653338	0.0332775	-0.16674
2.359	0.221289	0.0155317	-0.225754
2.369	0.284509	-0.00371539	-0.467165
2.38	0.562982	0.0323136	-0.998322
2.39	0.945926	0.0769123	-1.21222
2.399	1.08572	0.156186	-1.40256
2.41	1.17382	0.422412	-1.19259
2.42	0.99143	0.529018	-0.601818
2.429	0.686473	0.493215	-0.0379382
2.44	0.426474	0.356911	0.78013
2.449	0.380866	0.324012	0.885743
2.459	0.0979668	0.0456613	1.461
2.47	-0.0355798	-0.269434	1.6283
2.48	-0.0355275	-0.344844	1.37338
2.489	-0.0293296	-0.217648	1.15162
2.5	0.0980465	-0.203182	0.749565
2.51	0.287855	-0.255094	0.252368
2.519	0.424481	-0.398561	-0.208922
2.53	0.283122	-0.454413	-0.50153
2.54	0.146039	-0.279911	-0.694399
2.55	0.0856755	-0.163246	-0.71428
2.56	-0.0106425	-0.158359	-0.582124
2.569	-0.105981	-0.117456	-0.541916
2.58	-0.556829	0.0940734	-0.471617
2.589	-0.583947	0.0542715	-0.344375
2.6	-0.868544	0.339085	-0.0746973
2.611	-0.981806	0.294148	0.0487136
2.62	-0.927975	0.278601	0.346453
2.629	-0.641005	0.145388	0.386629
2.64	-0.170141	-0.123679	0.280547
2.65	0.017793	-0.187057	0.155922
2.659	0.15379	-0.205869	0.0683197
2.67	0.283821	-0.171499	0.0146381
2.679	0.322133	-0.13756	0.0953253
2.689	0.463395	-0.235886	0.128006
2.699	0.406587	-0.303431	0.262788
2.709	0.506072	-0.335621	0.220176
2.719	0.635171	-0.339584	0.248119
2.73	0.776982	-0.340999	0.204761
2.74	0.685928	-0.362239	0.040132
2.75	0.314971	-0.189936	0.0453626
2.76	0.266908	0.118617	0.116367
2.769	0.232145	0.430922	0.255788
2.78	0.0991255	0.4078	0.255396
2.79	-0.423695	0.425061	-0.00846976
2.799	-0.857432	0.380367	-0.510441
2.81	-1.09999	0.307997	-1.03923
2.819	-1.07752	0.270107	-1.40174
2.83	-0.922022	0.185575	-1.4485
2.84	-1.02345	0.163398	-1.33758
2.85	-0.67902	-0.0398844	-1.23338
2.859	-0.340499	0.0393956	0.574901
2.869	-0.127957	0.0917026	1.38443
2.88	0.177292	0.243982	0.875368
2.889	0.393428	0.770112	0.787422
2.9	0.415575	0.821334	1.2563
2.91	0.542858	0.056001	1.05802
2.919	0.597437	-0.119624	0.784643
2.93	0.55575	-0.184812	0.226729
2.94	0.526008	-0.0783976	-0.316375
2.949	0.430733	-0.0514179	-0.258133
2.959	0.43583	-0.205733	-0.485436
2.969	0.516233	-0.202577	-0.409418
2.98	0.522171	-0.114459	0.0247432
2.99	0.522499	-0.163636	0.404793
3	0.475316	-0.283462	0.255123
3.009	0.409993	-0.273834	-0.0467511
3.02	0.327743	-0.163319	-0.471553
3.029	-0.0458797	-0.114908	-0.739596
3.039	-0.458062	0.0516231	-0.910629
3.05	-0.753668	0.174982	-0.937471
3.059	-0.839132	0.253207	-0.782139
3.07	-0.70394	0.314093	-0.617599
3.08	-0.443345	0.210649	-0.191224
3.089	-0.521935	0.222662	-0.176506
3.1	-0.258849	-0.238548	0.153661
3.109	-0.295311	-0.344884	0.218798
3.12	-0.258264	-0.400297	0.507673
3.13	-0.115087	-0.357072	0.65929
3.139	0.100142	-0.381077	0.719371
3.15	0.282791	-0.3764	0.573502
3.16	0.279241	-0.368243	0.382727
3.169	0.223631	-0.330942	0.054702
3.18	0.123801	-0.208556	-0.417748
3.19	0.0657717	-0.207088	-0.691028
3.199	0.0169386	-0.205258	-0.724403
3.21	-0.079673	-0.173458	-0.621492
3.22	-0.180673	-0.0668917	-0.196877
3.229	0.0514987	0.184241	0.0228894
3.24	0.718205	0.585732	0.271111
3.25	0.958159	0.785886	0.108212
3.259	1.07945	0.673137	0.235463
3.27	1.02371	0.490487	0.216123
3.279	0.856419	0.45732	0.321714
3.289	0.578609	0.259939	0.27792
3.3	0.493417	0.0863065	0.377793
3.309	0.378781	0.060801	0.531657
3.319	0.31434	0.072488	0.584303
3.329	-0.00272429	0.0443806	0.489835
3.339	-0.665899	-0.105048	0.263021
3.349	-0.822018	-0.193547	1.22083
3.36	-0.873173	-0.00894279	0.932809
3.369	-1.18875	0.403565	0.939908
3.379	-1.01042	0.273444	0.793463
3.389	-0.857585	-0.195539	0.640469
3.4	-1.275	-0.494597	0.527691
3.41	-1.10161	-0.679555	-0.281682
3.419	-1.01292	-0.133243	-0.700041
3.43	-0.891605	-0.0694521	-0.861032
3.439	-0.838282	-0.19035	-1.02916
3.45	-0.690527	-0.223494	-1.18779
3.46	-0.850073	-0.199814	-1.15293
3.47	-0.509121	-0.0416678	-1.16775
3.48	-0.0228218	0.172499	-0.856625
3.489	0.263618	0.156511	-0.918748
3.5	0.403148	-0.0576537	-0.178234
3.509	0.727216	-0.184489	0.22828
3.52	0.966606	0.00379651	0.31712
3.53	1.34861	0.161031	0.295773
3.539	1.39537	0.241593	-0.0183902
3.55	0.677023	0.299391	-0.404209
3.56	0.348715	0.0144663	-0.380842
3.569	0.155475	0.0133516	-0.421274
3.58	-0.0658623	-0.155655	-0.116188
3.59	-0.283805	-0.371905	0.183241
3.599	-0.404385	-0.516096	0.385567
3.61	-0.408114	-0.302605	0.736449
3.62	-0.517337	-0.0675671	0.808481
3.629	-0.511129	0.0648197	0.711484
3.64	-0.301848	0.101873	0.401602
3.65	0.114769	0.190911	0.056682
3.659	0.6533	0.369933	-0.302912
3.67	1.07002	0.503923	-0.672648
3.68	1.42356	0.405261	-0.766722
3.689	1.42265	0.39411	-0.871817
3.7	1.33461	0.298062	-0.862435
3.709	0.324638	0.149375	-0.3513
3.72	0.406823	-0.306868	-0.494278
3.73	0.440175	-0.395635	-0.535351
3.739	0.272539	-0.327072	-0.270458
3.75	0.0831578	-0.268373	-0.119395
3.76	-0.085626	-0.240166	0.253051
3.769	-0.0501354	-0.242888	0.563377
3.78	0.0823358	-0.2009	0.830082
3.79	0.130198	-0.119638	1.17402
3.799	0.207808	-0.146539	1.08753
3.809	0.228736	-0.106123	1.05898
3.82	0.199697	-0.136247	0.837567
3.828	0.294493	-0.360237	0.424273
3.84	0.20014	-0.513831	-0.0844947
3.85	-0.444125	-0.379561	-0.393823
3.859	-0.819316	-0.0554561	-0.58416
3.869	-1.17679	0.119816	-0.472493
3.879	-1.33453	0.273893	-0.528171
3.889	-1.3606	0.581329	-0.308193
3.9	-1.04397	0.725668	-0.204626
3.908	-0.974259	0.708824	-0.217284
3.92	-0.544982	0.795418	-0.0167295
3.93	-0.226134	0.5518	0.037224
3.94	0.00335288	0.199499	0.0801601
3.949	-0.0121596	-0.101887	0.176668
3.96	-0.113101	-0.215855	0.252694
3.97	-0.0127059	-0.138291	0.272276
3.979	0.269956	0.0466493	0.469235
3.99	0.745565	0.0437136	0.654606
4	0.65693	0.042124	0.950885
4.009	0.425089	0.0535054	1.09587
4.02	0.398517	-0.0949491	0.939577
4.028	0.421004	-0.10641	0.962342
4.039	0.591682	-0.286003	0.703592
4.049	0.621227	-0.231706	0.462379
4.06	0.349003	-0.235918	0.0330694
4.07	-0.102477	-0.227561	-0.522245
4.079	-0.379223	-0.36193	-1.06492
4.09	-0.566346	-0.684694	-1.44334
4.099	-0.594907	-0.541633	-1.64529
4.11	-0.188848	0.00577208	-1.57136
4.119	0.402459	0.279034	-1.27587
4.13	0.920321	0.164085	-1.14807
4.14	1.03961	-0.0746121	-0.893015
4.149	0.659007	-0.157046	-0.604709
4.159	-0.42993	-0.0965116	-0.354332
4.169	-0.413564	-0.120285	-0.316805
4.18	-0.394731	-0.00843654	0.571377
4.189	-0.403222	-0.123908	0.782774
4.2	-0.48202	0.104743	1.05046
4.21	-0.61692	0.141198	1.2207
4.219	-0.643184	0.194696	1.33641
4.23	-0.534608	0.358152	1.28347
4.24	-0.37833	0.402979	0.903291
4.249	-0.24582	0.291403	0.681097
4.26	-0.273323	0.295395	0.381316
4.27	-0.234566	0.264201	-0.193294
4.279	-0.272245	0.25251	-0.239191
4.29	-0.333152	0.189601	-0.680385
4.299	-0.279211	0.0991246	-1.09994
4.31	0.0886624	-0.0264574	-0.583999
4.32	0.282942	0.169485	-0.384884
4.329	0.43746	-0.0365062	-0.557831
4.34	0.450689	-0.218512	-0.763071
4.35	0.269514	-0.218886	-0.845612
4.359	0.235744	-0.293269	-0.976995
4.369	0.0754378	-0.307964	-0.796986
4.379	-0.258129	-0.178265	-0.498399
4.389	-0.277923	-0.161485	-0.488972
4.399	-0.138878	-0.0167654	-0.224068
4.409	0.309136	0.0592549	0.103568
4.419	0.729403	-0.0370372	0.295533
4.43	0.885632	-0.0993356	0.60956
4.44	0.892542	-0.176835	1.05747
4.449	0.824215	-0.0476422	1.34915
4.46	0.845147	0.137014	1.50598
4.47	0.775864	0.324984	1.47692
4.479	0.621617	0.331963	1.15551
4.49	0.016113	0.293956	0.528607
4.5	-0.157219	0.265368	0.242836
4.509	-0.162286	0.158891	0.195381
4.52	-0.470213	-0.0524236	0.023902
4.53	-0.60721	-0.00785069	-0.191854
4.539	-0.609011	0.0236306	-0.104286
4.55	-0.711259	0.187156	-0.174278
4.56	-0.719561	0.135843	-0.0605166
4.57	-0.586549	-0.0289799	0.105462
4.579	-0.439226	-0.185026	0.380605
4.59	-0.321132	-0.10989	0.776987
4.598	-0.364841	0.117675	0.69763
4.61	-0.288941	0.055875	0.55874
4.62	-0.347448	0.108071	0.102827
4.629	-0.476198	0.112748	-0.168118
4.64	-0.604151	-0.0506552	-0.411234
4.65	-0.559502	-0.17209	-1.10038
4.659	-0.597697	-0.150077	-1.02719
4.67	-0.392851	-0.385036	-1.13092
4.679	0.0792909	-0.379639	-1.24148
4.69	0.526854	-0.295243	-1.27088
4.7	0.69362	-0.12735	-1.16483
4.709	0.525086	-0.00504291	-0.828914
4.72	0.346631	0.0287752	-0.247514
4.73	0.489371	-0.0477627	0.0617129
4.739	0.512437	-0.115963	0.23818
4.75	0.523608	-0.176498	0.093348
4.76	0.519637	-0.221163	-0.0468316
4.769	0.489887	-0.240234	-0.087243
4.779	0.512363	-0.159672	-0.293594
4.789	0.455221	-0.0698268	-0.574868
4.8	0.420679	-0.00998866	-0.672677
4.81	0.343959	-0.0348	-0.59878
4.819	0.2835	-0.163006	-0.428251
4.829	-0.085265	-0.0941096	0.136123
4.84	-0.22442	-0.0839973	0.384379
4.849	-0.3598	0.00885091	0.633017
4.86	-0.338188	0.154844	0.800497
4.869	-0.255231	0.319153	0.973043
4.879	-0.247833	0.254985	1.12728
4.889	-0.130541	0.153252	1.18497
4.9	-0.0871406	0.241388	0.85159
4.909	-0.0526778	0.218955	0.801754
4.919	0.00631016	0.199065	0.368755
4.93	0.217286	0.20581	-0.0730412
4.939	0.198865	0.292505	-0.549295
4.95	0.0385805	0.2252	-0.767089
4.959	-0.259815	0.0770052	-0.467913
4.969	-0.302628	-0.0465268	-0.19819
4.98	-0.129357	-0.144482	0.0604042
4.989	-0.0273768	-0.128433	0.256475
4.999	0.0511479	-0.0356289	0.38136
5.009	0.0724876	-0.0412293	0.384147
5.019	-0.0746673	0.0134973	0.438008
5.029	-0.185025	-0.00390066	0.381596
5.039	-0.212862	-0.0667183	0.283062
5.05	-0.178578	-0.0823756	0.114249
5.059	0.0321916	-0.0712559	-0.1245
5.07	0.161096	-0.0577527	-0.190585
5.08	0.145819	-0.0678288	-0.354399
5.089	0.172429	-0.07883	-0.289459
5.1	0.177381	-0.0607287	-0.303148
5.11	0.209014	-0.0429652	-0.348659
5.119	-0.122654	0.00992886	-0.480239
5.13	-0.276285	0.0124885	-0.451693
5.14	-0.450767	-0.00317639	-0.351809
5.149	-0.473996	0.00679992	-0.348473
5.16	-0.480605	-0.03936	-0.120221
5.17	-0.511727	0.0538569	0.230849
5.179	-0.49335	0.0919837	0.501764
5.19	-0.257263	0.229443	0.6314
5.2	-0.0256981	0.257999	0.592809
5.209	0.154185	0.1601	0.37551
5.22	0.201282	0.0563618	0.152292
5.23	0.171726	0.0293083	-0.141621
5.239	0.255261	0.009083	-0.322345
5.25	0.428805	-0.122811	-0.572643
5.259	0.52121	-0.0779681	-0.727464
5.269	0.499349	-0.0594666	-0.761108
5.28	0.459451	-0.0872961	-0.747693
5.289	0.269808	0.155294	-0.673616
5.3	0.160866	0.183167	-0.523679
5.309	0.0604716	0.181975	-0.199284
5.32	0.0857675	0.085478	0.156536
5.33	0.0466923	-0.0470804	0.465412
5.339	-0.106507	-0.0761497	0.632847
5.35	-0.180538	-0.0884626	0.631437
5.36	-0.128328	-0.0947566	0.537003
5.368	-0.141986	-0.0831822	0.51822
5.379	-0.0765959	-0.074499	0.442635
5.389	-0.10176	-0.149575	0.362404
5.4	-0.154859	-0.189429	0.337869
5.409	-0.167603	-0.250789	0.331532
5.42	-0.142172	-0.268761	0.345552
5.429	0.113401	-0.236876	0.211853
5.439	0.145104	0.0286823	0.0708165
5.45	-0.0656964	0.0562839	0.0589723
5.459	-0.24569	0.0920104	-0.128705
5.47	-0.254117	0.113823	-0.327216
5.48	-0.0977661	-0.0080043	-0.46161
5.489	-0.0292126	-0.0658037	-0.51355
5.499	-0.0287136	-0.0781153	-0.502478
5.51	0.000161722	-0.0930075	-0.447702
5.52	-0.0769648	-0.0714942	-0.294488
5.53	0.00699738	0.000968023	-0.144904
5.539	0.130002	0.0156881	0.0630535
5.549	0.216647	0.0299657	0.213257
5.559	0.294848	0.0529546	0.33398
5.57	0.374258	0.0474659	0.5009
5.58	0.274088	0.0544805	0.67344
5.589	-0.00345094	0.112654	0.574322
5.6	-0.0675516	0.0479189	0.484335
5.609	-0.0165412	0.00105857	0.317378
5.62	0.176585	-2.31117e-05	0.140897
5.63	0.18718	-0.0144914	0.148114
5.64	0.249066	-0.119044	0.0160057
5.649	0.235163	-0.219206	-0.208327
5.66	0.051285	-0.0640721	-0.351229
5.67	-0.145144	0.10257	-0.404737
5.679	-0.361398	0.216722	-0.437269
5.69	-0.445117	0.238707	-0.466604
5.7	-0.433859	0.11372	-0.408238
5.709	-0.408703	0.0556984	-0.355455
5.72	0.114486	0.09275	-0.261595
5.73	0.0988628	0.242661	-0.0094542
5.739	0.0897973	0.25623	-0.0713461
5.75	-0.190935	0.173787	-0.192647
5.759	-0.453207	0.220286	-0.382895
5.77	-0.454943	0.224015	-0.525576
5.78	-0.37972	0.317461	-0.630109
5.789	-0.269134	0.26974	-0.680986
5.8	-0.211954	0.22126	-0.695359
5.81	-0.0719025	0.0486545	-0.671728
5.819	-0.0134873	-0.152507	-0.51455
5.829	-0.151641	-0.27842	-0.366035
5.839	-0.0240026	-0.255527	-0.0438568
5.849	0.0107422	-0.259609	-0.110063
5.859	0.0458272	-0.101092	-0.00472134
5.869	0.138473	-0.0671774	0.1069
5.879	0.421897	0.031993	0.565039
5.89	0.742261	-0.280129	0.929286
5.899	1.66647	-1.29127	1.23344
5.91	2.00618	-1.13964	1.38323
5.92	1.63163	-0.405038	1.48025
5.929	1.01126	0.0539471	1.39412
5.94	0.386422	0.0671851	1.04849
5.95	-0.303605	-0.0412818	0.753523
5.959	-0.230913	-0.0846187	0.763788
5.969	-0.510887	-0.113357	0.601028
5.98	-0.442214	-0.102967	0.343576
5.989	-0.11258	-0.0338728	0.0955971
6	0.278578	0.0242104	-0.10014
6.01	0.475486	0.0024073	-0.210949
6.019	-0.271873	-0.0279996	-0.458454
6.03	-0.783711	0.104139	-0.504775
6.039	-1.12555	0.115673	-0.670622
6.049	-1.22623	0.171421	-0.799938
6.06	-1.19989	0.274393	-0.865693
6.069	-1.08267	0.323584	-0.823748
6.079	-1.06228	0.29612	-0.773409
6.089	-0.925696	0.382509	-0.689961
6.099	-0.812372	0.466106	-0.64571
6.11	-0.715453	0.574437	-0.565039
6.12	-0.479092	0.566073	-0.533919
6.13	-0.20073	0.460761	-0.439853
6.14	0.139053	0.267026	-0.321162
6.149	0.262587	0.119376	-0.266342
6.16	0.407018	-0.0805788	-0.0156174
6.17	0.379312	-0.0603325	0.193326
6.179	0.353231	0.0467097	0.437485
6.19	0.637367	0.0404023	0.805002
6.199	0.788952	0.00426852	0.821947
6.21	0.936813	0.0279093	0.66482
6.219	0.87937	0.0664978	0.674011
6.23	1.01465	-0.0530765	0.605819
6.239	1.05645	-0.205288	0.382599
6.25	0.835962	-0.166482	0.263243
6.26	0.389555	-0.23422	0.272993
6.269	-0.0348105	-0.283077	0.189068
6.28	-0.514047	-0.294198	0.144211
6.29	-0.869018	-0.244422	0.228307
6.299	-0.870408	-0.256485	-0.0635177
6.31	-0.746151	-0.124768	-0.406298
6.319	-0.779854	-0.0865975	-0.388032
6.33	-0.68224	0.0493088	-0.707451
6.339	-0.216676	0.0268993	-0.800599
6.35	-0.091758	0.0444741	-0.666667
6.36	-0.0950072	-0.00314306	-0.380553
6.369	-0.129796	-0.126056	-0.160811
6.38	-0.0023761	-0.0862881	-0.0394853
6.39	0.0898866	-0.0843506	0.0715707
6.399	0.286374	-0.0392083	0.194408
6.41	0.237435	0.0288109	0.130994
6.419	0.191294	0.0134542	-0.0976626
6.429	0.186442	0.0326228	-0.0684765
6.439	0.14424	-0.0212633	-0.166735
6.45	0.303548	0.0866025	-0.183178
6.46	0.451153	0.0732754	0.0080567
6.469	0.418333	-0.000967124	0.17598
6.48	0.422052	-0.0672348	0.373911
6.49	0.582845	0.0487908	0.578551
6.499	0.457695	-0.00429299	0.500094
6.51	0.054805	0.132706	0.38351
6.519	-0.219706	0.184349	0.24161
6.529	-0.441692	0.16965	0.111592
6.539	-0.470333	0.141402	0.0635056
6.55	-0.350955	0.100879	-0.0945674
6.559	-0.345093	0.116222	-0.0510931
6.57	-0.35245	0.112522	-0.0739057
6.58	-0.38316	-0.00364145	0.0263135
6.59	-0.321977	-0.168801	0.0222905
6.6	-0.223204	-0.207179	0.0975782
6.609	-0.12406	-0.163781	0.18397
6.619	0.0817934	-0.0866764	0.225243
6.63	0.0942378	-0.0802903	0.0333992
6.64	0.00414868	-0.20277	0.000966484
6.649	-0.0582138	-0.280617	-0.0390452
6.66	-0.103324	-0.229403	-0.238615
6.669	-0.0750877	-0.227396	-0.189161
6.68	0.356626	0.0445429	-0.339446
6.69	0.526688	0.033621	-0.404534
6.699	0.551845	0.033111	-0.359825
6.71	0.466105	-0.0588313	-0.407565
6.719	0.33155	-0.133815	-0.335278
6.73	0.179556	-0.247984	-0.181631
6.74	0.114831	-0.2733	-0.13395
6.749	-0.104978	-0.058058	-0.0311497
6.76	-0.26292	0.032957	0.277708
6.77	-0.307331	0.11177	0.318078
6.779	-0.441215	0.172249	0.412029
6.79	-0.553714	0.150223	0.235979
6.8	-0.419982	0.0965458	-0.0325794
6.809	-0.35113	0.0812585	-0.0153181
6.819	-0.0770552	0.0735134	-0.0134385
6.829	0.0507068	0.0349022	-0.0622758
6.839	0.068695	-0.0626153	-0.0851084
6.85	0.195172	-0.166397	-0.278131
6.859	0.323899	-0.395707	-0.339769
6.869	0.320101	-0.340646	-0.332356
6.879	0.413684	-0.181247	-0.0927963
6.889	0.337566	-0.0958962	0.0270953
6.901	0.301213	-0.0600327	-0.0349301
6.909	0.193724	0.0101984	0.0549912
6.92	-0.0420989	0.190995	0.202331
6.929	0.0304484	0.234616	0.219794
6.939	0.0701198	0.359078	0.373789
6.951	0.0445598	0.389359	0.556328
6.959	-0.0914289	0.391762	0.482207
6.97	-0.411422	0.514214	0.440551
6.98	-0.752681	0.495586	0.134374
6.989	-0.994582	0.331401	-0.0610193
7	-1.129	0.253841	-0.428186
7.009	-1.31176	0.13428	-0.27493
7.02	-1.07479	-0.0142692	-0.43523
7.03	-0.64419	-0.0499073	-0.471514
7.039	-0.541572	0.0567163	-0.403351
7.049	-0.0920045	-0.0579537	-0.159033
7.059	0.416901	-0.16514	0.11736
7.069	0.715212	-0.028049	0.358729
7.08	0.813575	0.0303036	0.47446
7.089	0.702996	-0.0558018	0.693514
7.1	0.108398	-0.105098	0.81384
7.109	-0.135316	-0.392994	0.854534
7.12	-0.279283	-0.324767	0.925253
7.129	-0.0938142	-0.312146	1.05988
7.14	0.443374	-0.178963	0.724359
7.149	0.752836	0.0074932	0.823264
7.16	1.3923	0.19484	0.159867
7.169	1.70597	0.326627	-0.409176
7.18	1.74173	0.494296	-1.13899
7.19	1.6294	0.479764	-1.38001
7.2	1.48222	0.410047	-1.31825
7.209	1.42287	0.319154	-0.940262
7.219	1.47187	0.197962	-0.398227
7.228	0.893349	0.289777	0.834003
7.24	0.833166	0.0356566	1.06377
7.249	0.796205	-0.176649	0.945718
7.26	0.707255	-0.538278	0.548015
7.269	1.28663	-0.323693	0.607719
7.28	0.984116	-0.57829	-0.0122472
7.29	0.529589	-0.559692	-0.612908
7.299	0.0950029	-0.558042	-0.845996
7.31	-0.535937	-0.161924	-1.15145
7.32	-1.35908	0.477637	-0.960311
7.329	-1.74618	0.608196	-0.495744
7.34	-1.5162	0.169357	0.0632988
7.349	-1.23899	-0.192126	0.624135
7.359	-1.09161	-0.224192	0.809202
7.368	-0.75763	0.0215109	0.225991
7.379	-0.470091	0.29578	-0.602785
7.389	0.0524793	0.589097	-0.826354
7.399	0.186394	0.946173	-1.82635
7.409	0.126565	1.27476	-2.42305
7.419	-0.721901	1.89261	-2.89724
7.429	-1.6926	1.76806	-2.81588
7.44	-1.32364	1.91673	-1.83278
7.449	-1.04163	1.5395	-1.35269
7.46	-0.771498	-0.534768	-0.51629
7.47	-0.327641	-1.07914	-0.239993
7.479	-0.0388678	-1.60687	-0.0372892
7.49	-0.305381	-1.7795	0.283846
7.499	-0.636497	-1.94161	0.996858
7.51	-0.677044	-1.74136	2.05864
7.52	-0.731584	-0.839746	2.93755
7.529	-0.617573	-0.615464	2.67828
7.54	-0.579341	-0.0465366	2.96612
7.55	-0.504098	-0.000414419	2.78528
7.559	-0.447744	0.11322	2.44951
7.569	-0.226817	0.272969	1.84683
7.58	0.497864	0.2598	0.989882
7.588	1.30912	0.257842	-0.620024
7.6	0.894666	-0.103824	-1.28955
7.609	0.260582	-0.492334	-1.5565
7.62	-0.0423748	-0.541996	-1.21257
7.63	-0.135792	-0.509604	-0.577152
7.639	0.028856	-0.581085	0.0127264
7.65	0.263685	-0.668842	0.229703
7.659	0.17689	-0.699942	0.123174
7.67	0.311668	-0.703953	0.387455
7.68	0.430666	-0.827609	0.497269
7.689	0.335071	-0.655804	0.233957
7.7	0.0845387	-0.557677	0.115707
7.709	0.546837	-0.387055	-0.368113
7.72	0.773092	-0.318057	-1.00945
7.73	0.404302	0.061247	-1.19818
7.739	-0.136845	0.549698	-0.856374
7.75	-0.114946	0.98507	0.110149
7.759	0.0410538	0.63163	0.285918
7.769	-0.166451	0.504357	0.194872
7.779	-0.0677382	-0.206915	0.370681
7.789	-0.184542	-0.519221	0.220198
7.8	-0.428133	-0.534521	-0.321797
7.809	-0.658218	-0.717616	-0.896309
7.82	-0.602511	-0.437052	-0.990288
7.828	-0.421757	-0.0196477	-0.74547
7.84	-0.457967	0.608362	-0.329472
7.849	-0.858251	1.31266	0.147082
7.86	-0.935648	1.55463	0.809455
7.868	-0.66316	1.42856	1.52394
7.879	0.00387659	1.23213	1.82725
7.89	0.941468	1.02834	0.704298
7.9	0.593534	0.947089	0.567429
7.909	0.621711	-0.0990912	-0.197342
7.92	0.564427	-0.48827	-0.767814
7.929	0.872658	-0.601138	-0.788608
7.94	0.780273	-0.469907	-0.597859
7.95	0.414436	-0.115491	-0.490778
7.959	0.205861	0.0369211	-0.629856
7.97	-0.234609	0.16828	-0.704263
7.979	-0.664268	0.374141	-0.517408
7.99	-0.624247	0.323121	-0.267228
7.999	-1.17894	0.296527	-0.472762
8.01	-0.584138	0.175059	-0.311646
8.019	-0.213926	0.106098	-0.194132
8.03	-0.169556	0.0760263	-0.86548
8.04	-1.29151	0.149906	-1.12328
8.049	-2.19722	-0.0880967	-0.911536
8.06	-2.33364	-0.0667714	-0.516839
8.07	-1.89511	-0.143457	-0.119155
8.079	-1.15135	-0.341786	0.0469631
8.09	-0.570356	-0.479101	0.0444108
8.1	-0.0594423	-0.52092	0.114602
8.109	-0.636091	-0.576836	-0.065677
8.12	-0.0793138	-0.652659	-0.103793
8.13	0.18628	-0.738782	-0.0891523
8.14	0.514146	-0.620109	0.181631
8.15	0.900967	-0.378002	0.413246
8.159	1.30155	-0.205881	0.756232
8.17	1.80216	-0.00249951	0.93917
8.18	2.18174	0.179515	1.22519
8.189	2.40277	0.35943	1.61518
8.199	2.6702	0.193524	1.59084
8.21	2.33693	0.31101	1.52443
8.219	2.05878	0.349399	1.43024
8.23	1.60847	0.0924012	0.985759
8.24	1.45519	-0.329711	0.449248
8.249	1.07515	-0.456929	0.517042
8.26	1.26594	-0.778284	-0.0288289
8.27	1.05369	-0.685408	-0.516781
8.28	0.131371	-0.200336	-0.704591
8.29	-1.10349	0.309522	-0.477809
8.299	-1.86103	0.394931	0.235637
8.31	-2.07678	0.474051	0.802818
8.32	-2.11759	0.500394	0.977175
8.329	-2.27955	0.286453	0.501954
8.34	-2.28778	0.25956	0.0478273
8.35	-2.08406	0.279519	-0.26336
8.359	-0.559327	0.169042	-0.646206
8.369	-0.750658	0.0741397	-0.377431
8.38	-0.223319	0.0549621	-0.563963
8.389	-0.102032	0.119556	-0.396249
8.4	-0.0312274	0.280915	-0.300467
8.41	-0.215358	0.550412	-0.00593934
8.419	-0.509549	0.62164	0.158339
8.43	-0.496574	0.46706	0.32126
8.44	0.184453	0.135157	0.498809
8.449	1.01072	-0.214974	0.41625
8.46	1.81628	-0.488592	0.263044
8.47	2.06635	-0.461615	-0.167583
8.479	1.96798	-0.530405	0.0943434
8.489	1.32473	-0.0219827	0.204162
8.499	0.912376	0.224411	0.587829
8.51	0.902254	0.0873648	0.775143
8.52	0.935961	-0.19594	0.808046
8.529	0.905608	-0.354826	0.456744
8.54	0.740054	-0.367556	-0.740649
8.549	0.245042	-0.154953	-1.04873
8.559	-0.459344	0.0344764	-1.22554
8.57	-0.724553	0.0491849	-1.09974
8.579	-0.440611	-0.203791	-0.919219
8.59	-0.00714604	-0.558721	-0.886858
8.6	-0.00720509	-0.51495	-0.897024
8.609	0.0378668	-0.562562	-0.909113
8.62	-0.623091	-0.215664	-1.01122
8.629	-1.32479	0.143458	-1.13846
8.64	-1.7798	0.435103	-1.31412
8.65	-2.10267	0.606056	-1.43392
8.659	-2.50595	0.754135	-1.59488
8.67	-2.10332	0.566079	-1.50965
8.68	-1.30401	0.356304	-1.22752
8.689	-0.251952	0.119357	-0.818694
8.7	0.521012	-0.161238	-0.407564
8.708	0.679934	-0.171583	-0.539769
8.719	0.935556	-0.0968545	0.0839496
8.729	1.38857	0.23976	0.733339
8.74	1.79679	0.259525	1.5015
8.75	1.88992	0.310521	2.12437
8.759	1.9042	0.296394	2.34786
8.77	1.59688	0.303753	2.52452
8.779	1.18285	0.199518	2.57073
8.79	0.864696	0.00876195	2.28098
8.8	0.802236	-0.290094	1.87761
8.809	0.783426	-0.480803	1.25669
8.82	-0.217592	-0.385412	0.0218959
8.829	-0.758014	0.35046	-0.620162
8.84	-1.33796	0.710287	-1.0477
8.849	-1.00643	0.776	-1.22392
8.859	-1.07408	0.673432	-1.35051
8.868	-0.655443	0.264344	-1.21477
8.88	-0.184772	-0.174761	-0.953979
8.89	0.406753	-0.450778	-0.573672
8.899	0.852695	-0.639715	-0.270923
8.91	1.12959	-0.675519	-0.217053
8.919	1.11468	-0.53813	-0.15539
8.93	1.05308	-0.222309	-0.330187
8.94	0.985615	-0.0350597	-0.640753
8.949	0.525511	0.0663909	-0.864833
8.959	0.981707	0.130778	-1.03835
8.969	-0.451203	0.179287	-0.456161
8.979	-0.363689	-0.0894709	0.0625642
8.99	0.0412762	-0.431021	0.364858
9	0.434471	-0.598314	0.333436
9.009	0.619191	-0.726694	-0.0661493
9.02	0.575615	-0.577057	-0.60863
9.029	0.116344	-0.138925	-0.806832
9.04	-0.536105	0.407449	-0.665858
9.05	-1.31655	0.831352	-0.441721
9.059	-2.18422	0.82582	0.217901
9.07	-2.48305	0.538928	0.900734
9.08	-2.11246	0.0990734	1.57404
9.089	-1.83887	0.12703	1.36707
9.099	-0.877671	-0.330785	1.72972
9.109	0.266713	-0.705553	1.48731
9.119	0.579992	-0.506543	0.869091
9.13	0.496392	-0.390276	-0.148599
9.139	0.092862	-0.257725	-1.12304
9.15	-0.437842	-0.0410824	-1.66755
9.16	-1.10966	0.0662149	-1.84194
9.169	-1.07087	-0.214922	-0.766254
9.18	-0.972174	-0.253707	-0.111181
9.19	-0.922835	-0.0780634	0.637893
9.199	-0.872843	0.274936	1.43522
9.21	-0.492935	0.598758	1.58708
9.22	-0.208452	0.808607	1.30455
9.229	-0.251701	0.858647	1.28099
9.239	0.0319797	0.858694	0.944884
9.25	0.439332	0.598009	0.554572
9.26	0.936918	0.0214	0.133482
9.269	1.20614	-0.50439	-0.446032
9.279	1.0369	-0.671245	-0.918736
9.29	0.57942	-0.556245	-0.952232
9.299	0.017308	-0.300979	-0.614933
9.31	-0.481685	-0.0346706	-0.24975
9.32	-0.635514	0.144041	0.471795
9.329	-0.325252	0.0337808	0.767981
9.34	0.251426	-0.0842633	0.728637
9.348	0.16452	-0.00928534	0.765323
9.36	0.576183	-0.00272795	0.656627
9.368	0.94448	0.0281242	0.490821
9.379	1.24942	-0.0177187	-0.0215362
9.39	1.24895	-0.0181034	-0.60748
9.4	1.13325	0.0215468	-1.17093
9.409	0.796803	0.063844	-1.60282
9.42	0.34131	0.22494	-1.94988
9.429	-0.343095	0.439189	-1.82489
9.44	-1.01383	0.535415	-1.40898
9.45	-1.33258	0.291779	-0.155059
9.459	-1.35846	0.355978	-0.0879212
9.47	-1.00853	0.23854	0.679175
9.48	-0.554189	0.207692	1.19234
9.489	-0.173311	0.184502	1.42902
9.5	0.382038	0.0899202	1.60304
9.509	0.908806	-0.17317	1.46095
9.52	1.2953	-0.325712	1.07136
9.53	1.34506	-0.475349	0.456744
9.539	1.03349	-0.548468	-0.145154
9.55	0.453537	-0.631474	-0.458062
9.56	-0.100557	-0.729571	-0.564463
9.569	-0.561719	-0.815411	-0.654435
9.579	-0.583915	-0.803552	-0.59592
9.59	-1.03192	-0.66783	-0.536128
9.599	-1.2861	-0.512353	-0.397729
9.609	-0.90122	0.0139664	0.0632376
9.619	-0.48868	0.287022	0.149683
9.63	-0.0408229	0.314633	0.177824
9.64	0.258599	0.284265	0.215048
9.649	0.470634	0.213708	0.0808954
9.66	0.460936	0.141189	-0.0655329
9.67	0.28195	0.231669	-0.135811
9.679	0.273072	0.191956	-0.0739072
9.69	0.0617777	0.215545	-0.219207
9.7	-0.0983672	0.250465	-0.320739
9.709	-0.141681	0.222249	-0.342005
9.72	-0.134778	0.170829	-0.445751
9.73	-0.100581	0.124327	-0.497632
9.739	-0.0706459	0.102575	-0.344214
9.75	0.376512	0.0716715	-0.149728
9.76	0.549209	0.0463953	-0.0672599
9.769	0.63988	-0.0504006	-0.0368212
9.779	0.608232	-0.171638	0.114814
9.79	0.549994	-0.207261	0.200104
9.8	0.402539	-0.276779	0.206557
9.81	0.420311	-0.338806	0.224688
9.82	0.181982	-0.293749	0.277125
9.828	-0.0516271	-0.257808	0.240854
9.84	-0.342616	-0.166314	0.297665
9.85	-0.51736	-0.049125	0.286369
9.86	-0.498263	-0.000819978	0.197702
9.868	-0.381509	0.00856734	0.0596721
9.879	-0.200354	0.127197	-0.0493466
9.89	-0.149622	0.156115	-0.106184
9.899	-0.0235779	0.248419	-0.123191
9.91	-0.073115	0.215784	-0.145179
9.92	-0.120317	0.146592	-0.109759
9.929	-0.0796439	0.0860356	-0.109451
9.94	-0.217556	0.0204549	-0.120148
9.95	-0.184323	-0.0386605	-0.0304144
9.959	-0.21695	-0.0394976	-0.120548
9.97	-0.119432	0.0321738	-0.24412
9.979	0.0147115	0.0304941	-0.346995
9.99	0.0944835	0.021529	-0.267832
10	0.206267	-0.00405202	-0.129078
10.009	0.29648	-0.0529286	-0.256798
10.02	0.319214	-0.032711	-0.181597
10.03	0.542985	0.133628	0.579942
10.039	0.280932	0.235318	0.398303
10.049	0.282954	0.207227	0.421626
10.059	-0.359819	0.272742	-0.0019391
10.069	-0.26531	0.151177	0.245383
10.079	-0.0451554	-0.0417946	0.476634
10.09	-0.00237017	-0.25373	0.506018
10.099	-0.0565773	-0.199771	0.196369
10.11	-0.169482	-0.0950241	-0.0632549
10.12	-0.352014	-0.0240801	-0.0263424
10.129	-0.744971	-0.00204491	0.170561
10.14	-0.899686	-0.01766	0.324609
10.15	-0.85712	0.0877018	0.293824
10.159	-0.628768	0.258449	0.286943
10.17	-0.297056	0.403826	0.280434
10.18	0.0839723	0.433165	0.213532
10.189	0.0725071	0.465334	0.252027
10.199	0.496674	0.329358	-0.0240752
10.21	0.81491	0.25587	-0.266636
10.22	0.972931	0.0779236	-0.269889
10.23	0.772756	-0.134503	-0.283913
10.238	0.277735	-0.170952	-0.390437
10.25	-0.139403	-0.214771	-0.375621
10.26	-0.307984	-0.251098	-0.256339
10.269	-0.257397	-0.0840688	-0.317291
10.28	0.0818214	0.025084	-0.314604
10.289	-0.0418481	0.0902647	-0.233281
10.3	-0.342429	0.217571	-0.306345
10.31	-0.633736	0.283665	-0.73316
10.319	-0.39662	0.320017	-0.443994
10.329	-0.369556	0.399327	-0.49027
10.339	0.118313	0.220133	-0.615979
10.35	0.683662	0.27833	-0.741401
10.359	1.14219	0.325653	-0.815191
10.369	1.26089	0.0774075	-0.577251
10.379	0.83002	-0.168799	0.184391
10.389	0.389808	-0.127107	0.949307
10.4	0.158573	-0.00376624	1.38325
10.41	-0.165821	-0.0505742	0.951203
10.419	-0.455418	-0.160025	-0.12279
10.43	-0.372539	-0.114316	-0.405714
10.44	-0.471151	-0.17602	-0.674843
10.449	-0.357169	-0.178585	-0.74833
10.459	-0.248859	-0.432083	-0.72958
10.469	0.0667629	-0.592236	-0.035098
10.479	0.292496	-0.623087	0.681463
10.489	0.41478	-0.550237	0.961116
10.5	0.444331	-0.595971	1.05825
10.509	0.428704	-0.576862	1.14894
10.519	0.492874	-0.530735	1.11992
10.53	0.498461	-0.592414	0.690139
10.54	0.465507	-0.624835	0.140593
10.549	0.492097	-0.492942	-0.36127
10.56	0.369846	-0.284925	-0.847418
10.57	0.372241	-0.100943	-1.00847
10.579	0.386545	-0.00292146	-0.941777
10.59	-0.0653717	0.3782	-0.496046
10.599	0.063586	0.222919	-0.499056
10.61	-0.591972	0.497666	-0.193524
10.62	0.212149	-0.0499363	0.523801
10.629	0.589929	-0.703791	0.562912
10.64	0.144785	-0.587325	0.19012
10.649	-1.05635	0.407837	-0.0564006
10.659	-1.95004	0.895247	-0.324482
10.67	-2.33692	1.24166	-0.528885
10.679	-2.08528	1.07511	-0.626065
10.69	-1.30429	0.738641	-0.202594
10.7	-0.268198	-0.121676	0.567633
10.709	0.450926	-0.790003	1.13194
10.719	0.459444	-0.979881	1.22967
10.73	0.694194	-1.11761	1.35696
10.74	0.233636	-0.610455	1.16505
10.749	-0.566054	-0.0484425	0.766496
10.76	-0.930483	0.322554	0.3921
10.77	-1.10605	0.563087	-0.0166547
10.779	-0.531929	0.820963	-0.71386
10.79	0.042111	0.524043	-0.622106
10.8	0.460994	0.20588	-0.529025
10.809	0.797218	-0.0141314	-0.395171
10.82	0.970818	-0.0696485	-0.0605046
10.829	0.917226	-0.225637	0.15173
10.84	0.761678	-0.207564	0.389366
10.849	0.493449	-0.161844	0.352151
10.86	0.328121	-0.0945307	0.453026
10.869	0.427536	-0.1376	0.300126
10.879	0.597944	-0.185383	-0.0419139
10.89	0.881583	-0.193013	-0.267616
10.9	1.09938	-0.295273	-0.296781
10.91	0.730302	0.31343	0.159807
10.92	0.359235	0.479716	0.652615
10.928	0.297456	0.393743	0.864583
10.939	-0.125632	0.365502	0.532053
10.95	-0.471202	0.5328	0.067433
10.959	-0.603828	0.494772	-0.636585
10.97	-0.723705	0.520007	-1.22338
10.979	-0.874208	0.506414	-1.77861
10.989	-1.00896	0.624036	-1.73288
11	-0.889175	0.545198	-1.30694
11.009	-0.701158	0.254	-0.752177
11.02	-0.333981	-0.0663264	-0.208158
11.03	-0.0494843	-0.15163	0.132281
11.039	-0.589819	0.0867934	0.178864
11.049	-0.692295	0.0684776	0.418097
11.059	-0.902151	0.536665	0.372369
11.069	-0.757442	0.49089	0.823309
11.079	-0.290902	0.0647565	1.04465
11.089	0.0783286	-0.317864	0.986895
11.1	0.259315	-0.305793	1.17943
11.11	0.553144	-0.507147	1.55972
11.119	0.695101	-0.665028	1.53633
11.13	0.740258	-0.755416	1.33106
11.14	0.843637	-0.837358	0.823471
11.149	0.954454	-0.781671	0.0839849
11.16	0.8504	-0.651498	-0.450545
11.169	0.815296	-0.730358	-0.883233
11.179	0.721433	-0.451188	-1.27181
11.19	0.468878	-0.0154533	-1.68769
11.199	0.321868	-0.0311182	-1.53458
11.21	0.023593	0.427116	-1.97759
11.22	-0.241607	0.760743	-2.11772
11.229	-0.453831	0.867117	-1.82366
11.24	-0.476391	0.735385	-1.30558
11.25	-0.136843	0.277889	-0.372604
11.259	-0.0883321	0.138494	0.276212
11.27	-0.219358	-0.0189364	0.865554
11.279	-0.405036	-0.168919	1.36793
11.29	-0.366007	-0.380852	1.65229
11.3	-0.385742	-0.278118	1.63292
11.309	-0.543661	-0.322615	1.71088
11.32	-0.989202	-0.285513	1.16044
11.33	-1.24587	-0.102908	0.44911
11.339	-1.26894	0.196843	-0.260127
11.35	-1.182	0.393649	-0.531957
11.359	-0.708743	0.290855	-0.850849
11.369	-0.270557	0.191375	-0.824174
11.379	0.0453374	0.0527422	-0.920951
11.389	0.576334	-0.059522	-0.854361
11.4	0.827809	-0.155882	-0.449511
11.409	0.99044	-0.284613	-0.36228
11.42	1.19788	-0.229166	-0.203601
11.43	1.18845	-0.0777654	-0.0169415
11.439	1.03821	-0.0996613	-0.0164913
11.449	1.13801	0.0919825	0.51689
11.46	0.742976	0.239841	0.188024
11.47	0.49996	0.151595	0.0925768
11.479	0.184747	-0.027105	-0.289685
11.489	-0.110217	-0.0973609	-0.333581
11.5	-0.424104	0.10056	-0.258328
11.509	-0.746776	0.491136	0.10738
11.519	-0.431644	0.556009	0.298493
11.529	0.133358	0.311578	0.253893
11.54	0.445232	0.0250484	0.124991
11.55	0.330402	-0.0874424	-0.304036
11.559	0.285409	-0.121679	-0.354494
11.57	0.151222	-0.396845	-0.470913
11.58	0.108878	-0.418196	-0.343383
11.59	0.0102462	-0.264789	-0.317592
11.6	-0.0977425	-0.141971	-0.184339
11.609	-0.0431849	-0.116428	-0.0464499
11.62	0.0642919	-0.131049	0.25675
11.63	0.00735301	-0.152643	0.462531
11.639	0.00661021	-0.249767	0.581018
11.65	-0.0526405	-0.326844	0.551789
11.66	-0.289499	-0.215941	0.592991
11.669	-0.472529	-0.0793444	0.933958
11.679	-0.510751	-0.128761	0.978558
11.69	-0.502145	-0.0595783	1.26492
11.699	-0.419849	0.0170601	1.51521
11.76	-0.438421	-0.0334694	1.56142
11.772	-0.239297	0.22224	0.107707
11.782	-0.544307	0.0356371	0.111299
11.791	-0.629213	-0.0367164	0.160559
11.802	-0.516469	0.0419172	0.360371
11.812	-0.220048	0.247028	0.21325
11.821	-0.213032	0.188094	0.267205
11.832	0.107283	0.145005	-0.409834
11.842	0.775482	0.107484	-1.59865
11.851	1.47914	0.169208	-2.02378
11.862	1.72227	0.342885	-2.35305
11.872	1.77228	0.400468	-2.21375
11.882	1.67433	0.256991	-1.22469
11.892	1.25173	-0.0694093	-0.506102
11.902	0.544329	-0.264647	-0.0809041
11.912	-0.0614676	-0.290197	0.201796
11.922	-0.0559243	-0.320562	0.224023
11.931	-0.617723	-0.336264	0.673173
11.942	-1.12226	-0.337372	0.928499
11.952	-1.32836	-0.326892	0.745475
11.962	-1.20656	-0.131056	0.384158
11.972	-0.759938	0.196652	-0.519983
11.982	-0.766244	0.322685	-0.657839
11.991	-0.762659	0.268494	-0.576326
12.002	-0.563273	0.270463	-0.37308
12.012	-0.292755	0.358828	-0.0690068
12.022	-0.0096863	0.440122	0.63146
12.031	-0.02265	0.469108	0.596547
12.041	0.19019	0.385207	0.706227
12.052	0.00754569	0.441293	0.584839
12.062	-0.127149	0.440772	0.82196
12.072	-0.294586	0.330522	1.06395
12.082	-0.434353	0.157118	0.912074
12.092	-0.458397	0.11218	0.553343
12.102	-0.384213	0.0929956	0.175703
12.112	-0.208092	0.035376	-0.261528
12.122	-0.0283122	0.0420925	-0.559139
12.132	0.193035	-0.10024	-0.845892
12.142	0.301248	-0.287213	-0.999918
12.152	0.437266	-0.374666	-0.978799
12.162	0.416997	-0.333671	-0.470305
12.172	0.367801	-0.349062	-0.0487676
12.182	0.329696	-0.319848	-0.0270339
12.192	0.343951	-0.333613	0.310758
12.202	0.435919	-0.43573	0.562014
12.212	0.468902	-0.457118	0.621665
12.221	0.394576	-0.40691	0.582905
12.232	0.315506	-0.277356	0.484333
12.242	0.378113	-0.247961	0.400809
12.251	0.435024	-0.130063	0.264933
12.262	0.377746	-0.134342	0.041782
12.272	0.335211	-0.161553	-0.169544
12.281	0.229288	-0.089384	-0.444688
12.292	0.0408814	-0.0389556	-0.546616
12.302	-0.0290048	-0.0779338	-0.491113
12.311	0.0100014	-0.103203	-0.523253
12.322	0.0212782	-0.0940355	-0.461754
12.332	-0.0508853	-0.0668866	-0.487982
12.342	0.093553	0.0374224	-0.470165
12.352	0.0268338	0.255669	-0.576642
12.362	-0.0943674	0.233342	-0.514406
12.372	-0.134649	0.31114	-0.485929
12.382	-0.257466	0.417792	-0.304596
12.392	-0.324025	0.385474	-0.0573541
12.401	-0.344243	0.261449	0.0837325
12.412	-0.410844	0.278557	0.245409
12.422	-0.461431	0.176456	0.510104
12.431	-0.44839	0.150219	0.481134
12.441	-0.522898	-0.0768936	0.667903
12.452	-0.440051	-0.164774	0.592307
12.462	-0.402978	-0.0831596	0.500861
12.472	-0.179183	-0.0305597	0.451359
12.482	-0.20347	-0.0908944	0.444919
12.492	-0.307826	-0.100658	0.439344
12.502	-0.365803	-0.0894703	0.293753
12.511	-0.0910258	-0.146453	0.145491
12.522	-0.0546052	0.257333	-0.254439
12.532	0.107216	-0.0055828	-0.296722
12.542	0.477916	-0.391589	-0.161695
12.552	0.0536174	0.293656	-0.228879
12.562	0.0439666	0.138774	0.141328
12.572	0.0257284	0.143593	0.146085
12.582	0.430892	-0.10937	0.3402
12.592	0.729405	-0.211685	0.501357
12.602	0.859759	-0.198208	0.350877
12.612	0.648191	0.0917278	-0.217933
12.622	0.181543	0.274659	-0.53149
12.632	-0.127051	0.279509	-0.767204
12.642	-0.0463109	0.174129	-0.634063
12.652	0.262262	0.0928403	-0.430033
12.662	0.324377	-0.0382005	-0.155674
12.672	0.0542809	-0.161951	0.1111
12.682	-0.0371379	-0.148267	0.246518
12.692	-0.137691	-0.0768763	0.188609
12.702	-0.142411	-0.0615644	0.204923
12.712	-0.212203	-0.0433701	0.141014
12.722	-0.198722	0.0663761	0.15415
12.732	-0.145577	0.120321	0.251363
12.742	-0.0409068	0.0997779	0.356009
12.752	-0.0926319	0.0927659	0.188975
12.762	-0.229209	0.105493	0.133541
12.772	-0.314731	0.0520435	0.132468
12.782	-0.452862	0.00962525	-0.101894
12.792	-0.523649	-0.0441146	-0.282338
12.802	-0.45618	0.0462676	-0.34789
12.812	-0.311473	0.0594416	-0.389135
12.822	-0.279363	-0.000948419	-0.437204
12.831	-0.269639	0.0104821	-0.458641
12.842	-0.165388	-0.0103288	-0.461396
12.852	0.39109	-0.0159487	-0.275383
12.862	0.624864	-0.0551002	-0.113954
12.872	0.669515	-0.129961	-0.0125563
12.882	0.759949	-0.143416	0.0729465
12.892	0.74618	-0.147373	0.100821
12.902	0.704411	-0.189722	0.176514
12.912	0.560242	-0.249412	0.107852
12.921	0.328846	-0.178994	-0.0364302
12.931	0.0024797	-0.11732	-0.153738
12.941	0.00975922	-0.128027	-0.171104
12.951	-0.232335	-0.0519965	-0.162557
12.962	-0.316604	-0.146	-0.192265
12.972	-0.451685	-0.148198	-0.0678071
12.982	-0.602579	-0.224863	0.0472777
12.991	-0.59335	-0.250746	0.302083
13.002	-0.44432	-0.0951509	0.536453
13.012	-0.021536	0.0903362	1.00884
13.022	0.147946	0.12579	0.885783
13.032	0.156906	0.219824	0.640273
13.042	0.0640481	0.242178	0.34713
13.052	-0.0480276	0.25639	0.0560007
13.061	-0.0314056	0.239937	0.0645778
13.072	-0.0604252	0.189701	-0.213579
13.081	-0.0777638	0.232526	-0.317299
13.092	-0.0324397	0.229124	-0.324804
13.102	0.0479492	0.198606	-0.293337
13.112	0.0581367	0.106461	-0.187383
13.122	0.0839279	0.0157032	-0.0708681
13.132	0.0113085	-0.0811481	0.111392
13.142	-0.0709565	-0.203246	0.188583
13.152	-0.0717848	-0.111458	0.0709193
13.162	-0.0620399	-0.0270651	-0.141884
13.171	-0.0715852	-0.0244087	-0.126506
13.181	-0.0130644	0.0444893	-0.290258
13.191	0.0263947	0.143174	-0.444844
13.202	-0.0659402	0.171489	-0.536537
13.212	-0.119051	0.135572	-0.562732
13.222	-0.145225	0.0624468	-0.418464
13.232	0.0153257	0.0225106	-0.128407
13.241	0.240439	-0.00884163	0.133079
13.252	0.325841	-0.120228	0.199161
13.262	0.225488	-0.136277	0.321181
13.272	0.115875	-0.217681	0.394772
13.282	0.00155321	-0.0862174	0.271885
13.292	0.0215419	-0.0603637	0.141086
13.302	0.125778	-0.037272	0.0510639
13.312	0.020916	-0.0489276	-0.0327932
13.322	-0.0201724	-0.0538331	0.0564418
13.332	-0.0413047	-0.0504481	0.0693719
13.342	-0.217927	0.000718014	0.28987
13.352	-0.323679	-0.0499679	0.384489
13.362	-0.32354	-0.0740241	0.365565
13.372	-0.247652	-0.0708732	0.338306
13.382	-0.210444	-0.0197262	0.282084
13.392	-0.190504	-0.00392252	0.158354
13.402	-0.1901	0.0225305	0.0640613
13.411	-0.14332	0.0670963	0.000337018
13.421	0.017057	0.119382	-0.0892569
13.432	0.142772	0.0435651	-0.257243
13.442	0.274038	0.031804	-0.3379
13.452	0.22333	-0.00492424	-0.308245
13.461	0.19911	0.00356109	-0.297494
13.472	0.29867	0.00922255	-0.343797
13.482	0.272357	0.0897271	-0.3837
13.492	0.208354	0.141871	-0.369883
13.502	0.151661	0.228323	-0.243367
13.512	-0.103415	0.270746	-0.0761716
13.522	-0.271249	0.282029	0.099206
13.531	-0.310243	0.188055	0.157472
13.542	-0.262497	0.128143	0.214816
13.552	-0.0732273	-0.0549401	0.0785784
13.562	-0.0745082	-0.143737	0.0999386
13.572	-0.173814	-0.239834	-0.00755487
13.582	-0.204787	-0.218449	-0.0479117
13.592	-0.170975	-0.328309	0.0234439
13.602	0.0319941	-0.450782	-2.25045e-05
13.612	0.0473592	-0.458981	-0.0258113
13.622	0.255754	-0.415725	-0.000204458
13.632	0.476496	-0.288942	-0.0970375
13.642	0.555668	-0.196791	0.0039364
13.652	0.459337	-0.183683	0.0153817
13.662	0.248374	-0.131266	0.0736538
13.672	0.0158016	0.0982079	0.0678189
13.682	-0.109766	0.233601	0.109222
13.692	-0.0810369	0.311189	0.170299
13.702	0.151094	0.265107	0.268695
13.712	0.394616	0.265414	0.259663
13.721	0.431536	0.260566	0.224023
13.732	0.537387	0.263592	0.184843
13.742	0.322266	0.281529	0.183055
13.752	0.0483328	0.143218	0.181709
13.762	-0.320007	0.13689	0.127311
13.771	-0.514356	0.155548	0.128156
13.781	-0.58938	0.183065	0.00149371
13.792	-0.593192	0.192959	-0.205763
13.802	-0.547126	0.184995	-0.378522
13.812	-0.39985	0.0206819	-0.603779
13.822	-0.16115	-0.0977693	-0.610422
13.831	0.0727881	-0.0754681	-0.57942
13.842	0.247894	0.00587956	-0.655931
13.851	0.30902	0.0166749	-0.747059
13.862	0.46162	0.0351772	-0.733327
13.872	0.31932	-0.144768	-0.529267
13.882	0.104197	-0.157462	-0.364374
13.892	-0.0296504	-0.18308	-0.0668513
13.901	0.0716922	-0.177729	0.108092
13.912	0.283988	-0.149023	0.224853
13.921	0.368186	-0.0282625	0.242948
13.932	0.231297	0.0184822	0.33933
13.942	-0.0879659	0.0754616	0.306534
13.952	-0.350539	-0.00253591	0.356662
13.962	-0.538442	-0.11334	0.435001
13.972	-0.509624	-0.129332	0.3179
13.982	-0.531011	-0.195201	0.419471
13.992	-0.390313	-0.201938	0.306898
14.002	-0.260684	-0.221641	0.273841
14.013	-0.0170844	-0.209291	0.170984
14.022	0.160185	-0.179515	0.00632902
14.032	0.119173	-0.222339	-0.13687
14.042	-0.0193154	-0.181649	-0.357416
14.051	-0.132775	-0.162294	-0.415534
14.062	-0.0520135	-0.139943	-0.249976
14.072	0.185728	-0.121758	0.0441763
14.081	0.197323	-0.162992	0.000291591
14.091	0.426286	-0.061153	0.211474
14.101	0.45937	0.156742	0.287652
14.111	0.302431	0.195062	0.308521
14.122	-0.0563786	0.156317	0.303267
14.132	-0.32387	0.0630699	0.362051
14.142	-0.406496	0.0342328	0.401371
14.152	-0.282788	0.0425301	0.382337
14.162	-0.0853996	0.0912277	0.369542
14.172	0.0718036	0.228785	0.333265
14.182	0.00346923	0.330213	0.249696
14.192	-0.0708991	0.29876	0.294039
14.201	0.00125397	0.197568	0.288948
14.212	-0.192076	0.164047	0.221639
14.222	-0.384461	0.155898	0.19206
14.231	-0.291146	0.19632	0.0718331
14.242	-0.0637659	0.324905	-0.217705
14.252	-0.111403	0.316159	-0.248268
14.261	-0.123783	0.358417	-0.165998
14.271	-0.154327	0.481358	-0.374111
14.281	-0.0699954	0.447988	-0.437513
14.292	0.0785085	0.341712	-0.319363
14.302	0.319069	0.234644	-0.14421
14.311	0.545804	0.211465	0.0950496
14.322	0.638077	0.189761	0.364325
14.332	0.571008	0.132534	0.526935
14.341	0.326396	0.0670533	0.629238
14.352	0.0691718	-0.103687	0.699122
14.362	-0.0886979	-0.206365	0.644378
14.371	-0.0937578	-0.169737	0.66646
14.381	-0.275039	-0.188588	0.116242
14.392	-0.241416	-0.255329	-0.350641
14.402	-0.0834752	-0.506398	-0.822401
14.411	-0.0854833	-0.640493	-1.25933
14.421	-0.189036	-0.779171	-1.56483
14.431	-0.237128	-0.731434	-1.72051
14.441	-0.216756	-0.690645	-1.65987
14.452	-0.00101029	-0.732835	-1.55106
14.462	0.251625	-0.697933	-1.21935
14.471	0.344103	-0.589765	-0.952828
14.482	0.474879	-0.44901	-0.641643
14.492	0.68055	-0.257874	-0.360397
14.501	0.723293	-0.287222	-0.394177
14.512	0.974499	-0.101923	-0.270792
14.521	1.11865	-0.000912743	-0.143922
14.532	0.963305	0.0849246	0.021617
14.542	-0.325973	0.197595	0.651591
14.552	-0.674167	0.514199	1.16252
14.562	-0.728383	0.639996	1.64122
14.572	-0.630061	0.597715	1.99948
14.582	-0.528654	0.630684	2.27756
14.592	-0.552917	0.659447	2.27197
14.602	-0.589916	0.709901	2.03328
14.612	-0.604868	0.6777	2.05816
14.622	-0.578385	0.603253	1.5265
14.632	-0.570922	0.458997	0.847781
14.642	-0.650388	0.263691	0.231955
14.652	-0.829185	0.101023	-0.138976
14.662	-0.819133	-0.0335899	-0.376099
14.672	-0.637984	-0.148979	-0.566599
14.682	-0.239851	-0.181184	-0.662658
14.692	-0.106758	-0.203978	-0.798909
14.702	0.083908	-0.280692	-0.791374
14.712	0.292023	-0.168506	-1.05898
14.722	0.468563	-0.054781	-1.14845
14.732	0.445804	-0.0473542	-1.08504
14.742	0.524094	-0.0145398	-0.795874
14.752	0.446862	-0.126916	-0.651999
14.762	0.265589	-0.356597	-0.967998
14.772	0.270576	-0.833336	-1.06394
14.782	-0.015373	-0.82516	-1.48042
14.792	0.880682	-0.457512	-1.1054
14.802	1.92223	0.0872038	-0.379974
14.812	2.11708	0.42603	-0.57731
14.822	1.46939	0.241113	-0.660365
14.831	0.491071	-0.0892513	-0.54544
14.842	-0.13701	-0.291799	0.214704
14.852	-0.253317	-0.0670088	0.2344
14.862	-0.258353	-0.0840278	0.223018
14.872	-0.518929	-0.056951	0.065045
14.882	-0.712404	-0.130735	0.0509158
14.892	-0.818238	-0.139967	0.480194
14.902	-0.785179	-0.074392	0.990649
14.912	-0.688321	0.049076	1.52448
14.921	-0.573097	0.204405	1.93785
14.932	-0.547099	0.265427	1.92251
14.942	-0.581034	0.240852	1.42273
14.951	-0.649284	0.275955	1.11247
14.962	-0.66238	0.304771	0.792972
14.972	-0.67065	0.37411	0.560674
14.981	-0.693738	0.400886	0.606179
14.992	-0.622406	0.496616	0.23622
15.002	-0.50339	0.475142	-0.295285
15.012	-0.0626305	0.541964	-0.570068
15.022	0.391658	0.611121	-0.873112
15.032	0.594602	0.519555	-0.926096
15.042	0.599623	0.304845	-1.18755
15.051	0.625741	-0.196147	-1.22784
15.062	0.547502	-0.196466	-0.846372
15.072	0.413833	-0.230882	-0.44389
15.082	0.4555	-0.341725	-0.0371982
15.092	0.473434	-0.487724	0.302633
15.101	0.370492	-0.307749	0.845634
15.112	0.310979	-0.282744	0.82042
15.122	0.271661	-0.230821	0.93403
15.132	0.262291	-0.326276	0.713085
15.141	0.162041	-0.438955	0.423248
15.152	0.0500135	-0.302183	-0.0275815
15.161	0.106264	-0.181964	-0.0882167
15.172	0.119056	-0.0441161	-0.402547
15.182	0.190057	0.0703223	-0.664614
15.192	0.0754096	-0.0766542	-0.710066
15.202	0.010616	0.0188849	-0.63127
15.212	0.0607986	0.0124173	-0.403299
15.222	-0.00330426	0.0664838	-0.341047
15.231	-0.106107	0.0300212	-0.100721
15.241	-0.131491	0.032152	-0.135105
15.252	-0.341274	0.141861	-0.188432
15.262	-0.605309	0.0892573	-0.205299
15.272	-0.679979	-0.000440093	-0.150586
15.282	-0.608366	-0.11472	-0.379024
15.292	-0.662536	-0.0358555	-0.796171
15.302	-0.766274	0.0393021	-0.96591
15.312	-0.694889	-0.021815	-1.03044
15.322	-0.486316	-0.227446	-0.952586
15.332	-0.242013	-0.288798	-0.75758
15.342	-0.0306737	-0.415665	-0.563722
15.352	0.255972	-0.56558	0.0342238
15.361	0.36862	-0.202473	0.116266
15.372	0.364651	-0.243591	-0.0242623
15.382	0.623592	-0.20815	0.193005
15.392	0.7915	-0.18921	0.33256
15.402	0.824003	-0.0293028	0.560922
15.412	0.753961	0.217787	0.553792
15.421	0.699153	0.289695	0.558639
15.432	0.725094	0.251295	0.492744
15.442	0.638874	0.161276	0.430652
15.451	0.506611	0.102506	0.261131
15.462	0.400119	0.100039	0.254082
15.472	0.214918	0.212254	0.342497
15.481	0.226995	0.18552	0.260155
15.492	0.132812	0.218261	0.340365
15.501	-0.112211	0.238083	0.553866
15.512	-0.305464	0.298027	0.533247
15.522	-0.428915	0.323072	0.516729
15.532	-0.643306	0.270664	0.481841
15.542	-0.741352	0.192019	0.462324
15.552	-0.773765	0.162349	0.466901
15.562	-0.663123	0.162017	0.381756
15.572	-0.553204	0.128308	0.33583
15.582	-0.503375	0.173293	0.233978
15.592	-0.485696	0.184314	0.282841
15.602	-0.363328	0.103674	0.234211
15.612	-0.241988	-0.0485781	0.114029
15.621	-0.194166	-0.078064	-0.0485091
15.632	-0.0942286	-0.13586	-0.120931
15.642	-0.02859	-0.183951	-0.124422
15.652	0.166206	-0.187505	-0.276385
15.662	0.326928	-0.21977	-0.265833
15.672	0.335953	-0.101621	-0.169537
15.681	0.298281	-0.102917	-0.220421
15.692	0.229834	-0.159772	-0.217527
15.702	0.206786	-0.245984	-0.198562
15.712	0.178487	-0.231047	-0.134262
15.722	0.169135	-0.216413	-0.170112
15.732	0.118986	-0.174574	-0.0970151
15.742	0.136894	-0.0871761	-0.238155
15.751	0.12858	-0.0367427	-0.414713
15.762	0.0170143	-0.0410228	-0.523052
15.772	-0.00741218	-0.0289011	-0.653895
15.781	0.0506079	0.00696902	-0.453129
15.792	0.0739457	0.0522149	-0.400352
15.802	0.0243304	0.023323	-0.257756
15.811	-0.167744	0.0977619	-0.15695
15.822	-0.0788504	0.128937	-0.178194
15.831	-0.0915221	0.132539	-0.164889
15.842	-0.103117	0.199178	-0.12286
15.852	-0.0718917	0.24583	-0.195124
15.862	-0.0776108	0.28231	-0.0962938
15.872	-0.0614257	0.261601	0.0882292
15.882	-0.0698605	0.185906	0.252753
15.892	-0.149551	0.0838685	0.263279
15.902	-0.256671	-0.0550004	0.397194
15.911	-0.0783986	-0.116192	0.518661
15.921	0.111162	-0.196593	0.670008
15.932	0.214852	-0.127117	0.727861
15.942	0.0694067	-0.125973	0.467151
15.951	0.0844979	-0.129872	0.488202
15.962	0.0672999	-0.226128	0.413965
15.972	0.22414	-0.279147	0.203148
15.982	0.353227	-0.314402	0.0901527
15.991	0.462239	-0.276212	0.0566935
16.002	0.514731	-0.200161	0.0820222
16.012	0.348598	-0.00919123	0.0111621
16.021	0.130222	0.137414	-0.194966
16.032	-0.0938655	0.172747	-0.327026
16.042	-0.173144	0.167905	-0.391367
16.052	-0.0983847	0.0851023	-0.313084
16.062	-0.0897991	0.0493033	-0.227049
16.072	-0.0984741	-0.00604693	-0.115512
16.081	-0.0583797	-0.0167829	-0.0906703
16.091	-0.0337755	-0.102201	-0.127192
16.101	0.0727356	-0.0796172	-0.0482223
16.112	0.114724	-0.074753	-0.0976421
16.121	0.0792179	-0.0131563	-0.208344
16.132	-0.151329	0.200045	-0.332892
16.143	-0.208999	0.243921	-0.375215
16.152	-0.172217	0.212655	-0.383559
16.162	-0.128973	0.201314	-0.39628
16.172	-0.0880992	0.126988	-0.328192
16.182	-0.0700731	0.110901	-0.321724
16.192	-0.0366404	0.0505466	-0.271209
16.202	-0.0170563	0.0483757	-0.289784
16.212	-0.0857535	-0.0804888	-0.141743
16.222	-0.0950842	-0.134825	0.113474
16.232	-0.135928	-0.196409	0.330063
16.242	-0.132525	-0.211115	0.444839
16.252	-0.172029	-0.159609	0.581316
16.262	-0.32649	-0.0862123	0.547639
16.272	-0.388779	0.0695737	0.395471
16.282	-0.298471	0.12155	0.257673
16.292	-0.104731	0.171739	0.0962091
16.302	0.0593125	0.167425	-0.00613337
16.312	0.0494851	0.175411	-0.00280142
16.322	0.0326255	0.119539	-0.140802
16.331	-0.047016	0.156592	-0.0654186
16.342	0.0539726	0.124606	0.110608
16.352	0.13023	0.000797941	0.211201
16.361	0.193907	-0.0406495	0.420534
16.372	0.184206	-0.13629	0.563407
16.382	0.108642	-0.148028	0.574515
16.392	0.00670901	-0.140315	0.424841
16.402	0.068264	-0.098674	0.183913
16.412	0.131517	-0.132025	0.0377559
16.422	0.126559	-0.127789	0.0629363
16.431	0.218858	-0.0875568	-0.0442686
16.442	0.25724	-0.120403	-0.126414
16.452	0.183281	-0.113422	-0.288751
16.461	0.0993666	-0.0412046	-0.414759
16.472	0.0548344	0.0115684	-0.476415
16.482	0.0785735	0.053802	-0.539995
16.491	0.102866	0.0579873	-0.463671
16.502	0.0982429	0.0805473	-0.323001
16.512	0.0301414	0.104155	-0.385747
16.521	0.0383614	0.10645	-0.381782
16.531	-0.0191563	0.0624554	-0.332655
16.542	-0.0955769	0.0357262	-0.313295
16.552	-0.0780392	0.015399	-0.226375
16.562	-0.0881371	-0.00526339	-0.227517
16.572	-0.120252	-0.0555321	0.0550164
16.582	-0.106496	0.00444408	0.222809
16.592	-0.0994281	-0.0282912	0.319007
16.602	-0.177047	-0.0123864	0.239418
16.612	-0.199354	0.0112353	0.252964
16.622	-0.182009	-0.0208227	0.196777
16.632	-0.195165	0.00367916	0.147738
16.642	-0.161589	-0.0188413	0.192314
16.652	-0.0807907	-0.0507623	0.217174
16.662	-0.0770409	-0.0527234	0.192851
16.672	0.0398108	-0.0937553	0.255975
16.682	0.0209008	-0.0573829	0.290374
16.691	0.0320181	-0.0860266	0.278073
16.702	0.148431	-0.0874806	0.0592566
16.712	0.184907	0.00458676	-0.0802576
16.722	0.192658	0.0229411	-0.133394
16.732	0.13298	0.0520454	-0.203761
16.742	0.0635434	0.0253713	-0.215339
16.752	0.0302048	0.0810694	-0.279815
16.762	0.0254108	0.0802822	-0.285059
16.772	0.0366912	0.106034	-0.153522
16.782	0.0955964	0.139273	-0.0762443
16.792	0.0518936	0.0904525	-0.00961259
16.802	-0.0481572	0.0416468	0.0105504
16.811	-0.0922898	0.00879406	0.0720213
16.822	-0.0801517	0.0195268	0.146562
16.831	-0.0660022	-0.00846008	0.164672
16.842	-0.0138899	-0.0204933	0.213795
16.852	-0.05357	-0.0971089	0.194118
16.862	-0.0928295	-0.119775	0.10814
16.871	-0.0947755	-0.136167	0.11747
16.882	-0.0582173	-0.136328	0.106762
16.892	-0.0495097	-0.137668	0.0547846
16.902	-0.0211699	-0.159383	0.0186329
16.912	-0.0493407	-0.208983	-0.0320602
16.921	-0.0779156	-0.297252	0.0181173
16.931	-0.0523177	-0.323012	0.0765533
16.942	0.00928016	-0.276337	0.0854148
16.952	0.0782312	-0.249349	0.167048
16.962	0.136258	-0.166605	0.0933266
16.972	-0.0124399	-0.171793	-0.160576
16.982	-0.0228903	-0.199626	-0.186518
16.992	-0.0243252	-0.199676	-0.377744
17.002	0.0625757	-0.119271	-0.369201
17.011	0.148228	-0.0204541	-0.431194
17.022	0.131919	-0.00242384	-0.681927
17.032	-0.0860004	-0.00830175	-0.863854
17.041	-0.220785	-0.0715402	-0.858187
17.052	-0.238798	-0.0345543	-0.670595
17.062	-0.258715	0.0146911	-0.561168
17.072	-0.110648	-0.00110304	-0.278834
17.082	-0.182162	-0.0152461	-0.237812
17.092	-0.305416	-0.0391711	-0.155981
17.102	-0.346871	-0.0359462	-0.200163
17.112	-0.519823	0.0182303	-0.131849
17.121	-0.528231	0.0647369	0.0170241
17.132	-0.388257	0.0511172	0.133514
17.142	-0.381626	-0.145629	0.165154
17.151	-0.282084	-0.150144	0.304931
17.162	-0.194642	-0.134025	0.273457
17.172	-0.207001	-0.0778813	0.3003
17.182	-0.31825	0.0838927	0.388655
17.192	-0.419061	0.247217	0.559867
17.202	-0.640925	0.488911	0.834315
17.211	-0.708276	0.693623	1.00653
17.222	-0.850179	0.624439	1.24221
17.232	-0.977675	0.797349	1.4087
17.242	-0.87813	1.28161	1.4625
17.252	-0.397965	1.36713	2.37678
17.262	-0.3035	1.36265	2.02074
17.272	-0.363054	1.31192	1.84839
17.282	-0.394198	1.15372	2.07869
17.292	-0.0631849	0.827385	2.18731
17.302	0.719185	0.600594	1.50807
17.312	1.28924	-0.0470374	1.15435
17.322	1.6572	-0.144629	0.80334
17.332	1.84256	-0.405923	0.495609
17.342	2.17488	-0.718141	0.33774
17.351	2.63931	-0.325678	0.756455
17.362	3.15864	-0.461246	0.40524
17.371	3.55878	-0.60108	0.526097
17.382	3.61085	-0.822081	0.268274
17.392	3.53363	-0.944353	-0.365523
17.401	3.3778	-0.914333	-1.30997
17.412	2.93166	-0.979041	-2.27896
17.421	2.6016	-1.06374	-2.84707
17.432	2.31193	-1.01839	-2.88267
17.442	0.333501	-0.983188	-2.5456
17.452	-0.648933	-0.904558	-1.84199
17.462	0.15467	-0.466323	-1.8272
17.472	-0.224396	-0.4823	-1.74671
17.482	-0.52276	-0.351177	-2.29733
17.492	-0.784277	-0.229525	-3.08204
17.502	-0.521613	0.619488	-3.10626
17.511	-0.516632	0.656091	-1.70159
17.522	-1.51279	0.464167	-2.62658
17.532	-3.67216	0.727643	-2.9894
17.542	-5.02128	1.02518	-2.04912
17.552	-4.33992	0.986959	-1.22668
17.562	-3.72526	1.43773	1.00412
17.572	-3.13371	1.98971	1.56506
17.581	-2.57264	2.62942	0.808088
17.592	-2.05469	2.72626	0.818199
17.602	-1.57531	3.51176	-1.41723
17.612	-1.15176	3.43951	-1.39898
17.622	-0.77596	3.19116	-1.14821
17.632	-0.421523	2.06435	-1.25112
17.642	-0.128669	1.44151	-1.08992
17.652	0.126985	0.356997	-0.424123
17.662	0.330538	-0.769259	1.29581
17.672	0.482355	-0.982436	2.35357
17.681	0.640516	-1.66774	1.11182
17.692	0.784934	-2.82796	-0.573085
17.701	0.847987	-2.28066	-1.38944
17.712	0.922925	-3.12367	-2.22084
17.722	0.947199	-3.48836	-1.46406
17.731	0.926146	-3.04893	0.232076
17.742	0.879978	-2.64987	3.39017
17.752	0.815007	-2.29204	7.89506
17.762	0.790989	-1.95907	9.17785
17.772	0.790681	-1.53014	8.53739
17.782	0.7852	-0.478402	7.24271
17.792	0.862894	-0.45702	1.41923
17.802	0.949932	-0.952048	-4.26676
17.81	0.952357	-0.85701	-4.79413
17.822	0.979421	-0.861972	-7.89384
17.831	0.956634	-0.875875	-8.05435
17.841	0.881292	-0.950469	-5.20403
17.852	0.766874	-1.07501	-0.668698
17.862	0.641392	-1.23371	2.99981
17.872	0.517217	-1.28439	4.20352
17.882	0.338238	0.225636	4.08709
17.891	0.100358	2.78013	3.58152
17.902	-0.092777	2.6618	1.43589
17.912	-0.306363	1.77642	-1.37012
17.921	-0.622414	1.51935	-1.38121
17.931	-0.954546	0.197357	-2.32882
17.942	-1.37371	-1.30594	-0.432763
17.952	-1.90761	-1.31072	3.09511
17.962	-2.48747	-0.437976	3.94977
17.972	-3.1081	0.20374	3.97365
17.982	-3.79553	1.25682	3.9996
17.992	-4.5344	2.11906	4.02188
18.001	-3.08116	2.78331	4.08492
18.012	-0.416511	2.62709	2.56282
18.022	0.641195	1.36696	-1.77602
18.031	-1.60102	0.358531	-6.88152
18.041	-2.57659	0.0371327	-6.80412
18.052	-4.0782	-0.324055	-7.01816
18.062	-4.31317	-0.478363	-5.89015
18.072	-3.01091	-0.42698	-4.1765
18.082	-0.951221	-0.707411	-2.71423
18.092	0.399054	-1.1006	-1.26527
18.101	1.01452	-1.30997	-0.211519
18.112	1.01118	-1.13864	1.16869
18.122	0.694203	-0.980396	2.71275
18.131	1.40586	-0.901731	3.54475
18.142	1.84194	-1.24176	2.25897
18.152	1.50831	-1.25722	0.449461
18.161	0.362037	-1.65209	0.769005
18.172	0.440564	-1.25518	-0.936491
18.182	0.274416	-0.635032	-1.70679
18.192	2.14001	0.0234275	-1.01499
18.202	2.27879	1.00668	0.291619
18.212	2.37186	1.38107	1.3545
18.222	2.16152	1.37645	1.88727
18.232	1.64996	1.0103	2.53204
18.241	1.9078	0.445813	4.19053
18.252	2.60868	0.328027	5.16661
18.262	2.65241	0.105431	5.7743
18.271	2.15184	-0.361776	6.42704
18.281	2.07411	-0.201793	7.04207
18.292	2.7825	-0.00771145	6.99401
18.302	2.45839	-0.119422	5.46238
18.312	2.68824	-0.23536	3.25229
18.322	3.01239	-0.584331	0.105361
18.332	2.51433	-0.551094	-2.82456
18.342	1.54339	-0.309655	-5.17439
18.352	0.0131196	0.298348	-6.61055
18.362	-2.19988	1.30549	-7.38189
18.372	-2.08048	1.736	-6.64006
18.382	-1.86232	1.49965	-6.02732
18.391	-1.51062	0.955332	-5.58346
18.402	-1.55563	0.545725	-5.23323
18.412	-1.34719	0.27586	-4.9189
18.421	-1.1492	0.0588196	-5.04986
18.432	-0.584487	0.0246512	-5.30585
18.442	-0.379999	0.0622291	-4.66372
18.451	-0.196903	0.120052	-3.12347
18.462	0.152106	0.180727	-1.48983
18.472	0.362658	0.121242	0.254689
18.482	0.408178	0.0194967	1.57216
18.492	-0.114109	-0.0982714	2.56104
18.502	-0.259194	-0.139309	3.37457
18.511	0.0140181	-0.248832	3.1842
18.522	-0.115083	-0.195304	3.24886
18.532	-0.454946	-0.175068	3.08098
18.542	-0.954523	0.00312363	2.83861
18.552	-1.10423	0.152736	2.47099
18.562	-1.10007	0.155374	2.08641
18.571	-1.02113	0.251045	1.5902
18.582	-0.933532	0.383624	1.22384
18.592	-0.794587	0.467508	0.961885
18.601	-0.67543	0.486211	0.680224
18.612	-0.567082	0.521823	0.439262
18.622	-0.313557	0.487868	0.278468
18.632	0.258753	0.352846	0.210379
18.641	0.567129	0.38739	-0.038608
18.652	1.0374	0.137814	-0.182909
18.662	1.73073	-0.203091	-0.277498
18.671	1.71075	-0.525686	-0.310337
18.682	1.2409	-0.676943	-0.544517
18.692	0.577053	-0.412843	-0.736926
18.702	0.10211	-0.192144	-1.0832
18.712	-0.369742	-0.0687863	-1.08496
18.722	-0.503481	-0.0286369	-0.968703
18.732	-0.36875	-0.152634	-1.09308
18.742	-0.109094	-0.115923	-1.17084
18.752	0.297419	-0.021956	-1.16576
18.761	0.696564	0.077337	-1.46431
18.772	1.47584	-0.033318	-1.39416
18.782	1.98355	-0.130345	-0.999219
18.792	1.9876	-0.236607	-0.769673
18.802	1.66489	-0.226981	-0.745052
18.812	-0.444715	-0.206284	-0.509374
18.822	-1.14793	-0.101542	1.19918
18.831	-1.37979	0.033719	1.43316
18.842	-1.46249	0.21885	1.40386
18.852	-1.32001	0.434833	0.942578
18.862	-0.946326	0.540737	0.402225
18.871	-0.548072	0.613779	0.0499206
18.882	-0.321538	0.500523	-0.195046
18.891	-0.356233	0.22971	-0.140973
18.902	-0.252893	-0.0292868	-0.215605
18.912	-0.0688411	-0.36829	-0.276449
18.921	0.267037	-0.724695	-0.136888
18.932	0.643232	-0.883691	0.197619
18.942	0.527717	-0.796583	0.444383
18.952	-0.735925	-0.7395	1.06854
18.962	-1.1311	-0.394281	1.13621
18.972	-1.36599	-0.0285765	1.45386
18.981	-1.18589	0.00463695	1.30382
18.992	-1.01556	0.32916	1.48138
19.002	-0.434332	0.219618	1.08147
19.012	-0.0471555	-0.120306	0.362531
19.022	0.18838	-0.399837	0.17842
19.032	-0.0345084	-0.251829	0.19371
19.042	-0.403257	-0.0232247	-0.070535
19.052	-0.540983	-0.0648061	-0.279334
19.062	-0.676333	-0.0607492	-0.143215
19.072	-0.770984	0.119425	0.0368022
19.082	-0.829899	0.3274	0.203098
19.092	-1.03396	0.492545	0.467889
19.102	-1.00052	0.580927	0.704823
19.112	0.0982706	0.450712	0.342282
19.122	0.0546371	0.398375	0.50289
19.132	0.661282	-0.0300099	0.203559
19.142	1.1774	-0.256746	-0.199033
19.152	1.31353	-0.442969	-0.640167
19.162	1.16563	-0.61838	-0.951331
19.172	1.10728	-0.624787	-0.793096
19.182	0.858972	-0.585856	-0.252142
19.192	0.624152	-0.52318	0.489661
19.202	0.254751	-0.357697	0.989701
19.212	-0.151391	-0.174243	1.20912
19.222	-0.425016	0.0237841	1.33103
19.232	-0.520909	0.079389	1.16227
19.241	-0.6177	-0.00687229	1.37834
19.252	-0.573041	-0.0206728	0.924227
19.262	-0.305617	-0.0312956	0.449436
19.272	-0.166357	-0.0228721	-0.0335789
19.282	-0.121433	-0.0579928	-1.4247
19.292	0.0831224	0.192266	-1.80417
19.302	0.328754	0.206483	-2.0153
19.312	0.409639	0.201531	-2.0782
19.322	0.322156	0.223446	-1.90571
19.332	0.170858	0.271616	-1.65864
19.342	0.0773974	0.279714	-1.24873
19.352	0.0794571	0.248931	-0.827576
19.361	0.0376934	0.138032	-0.711819
19.371	0.16071	0.0251793	-0.351264
19.382	0.319037	-0.0938595	-0.0535291
19.392	0.385498	-0.0956763	0.237944
19.402	0.4151	-0.19269	0.386232
19.412	0.453311	-0.301998	0.487405
19.422	0.528839	-0.349734	0.455665
19.431	0.526399	-0.297229	0.431682
19.442	0.440074	-0.199025	0.288934
19.452	0.010519	-0.0141335	0.20483
19.462	-0.225489	0.080976	0.262108
19.471	-0.552893	0.119019	0.362226
19.482	-0.813134	0.264391	0.43594
19.492	-0.897155	0.329527	0.512776
19.502	-0.936726	0.29889	0.497305
19.511	-0.859947	0.30933	0.46213
19.522	-0.561473	0.330731	0.372177
19.532	-0.16287	0.309662	0.216412
19.542	0.11183	0.369179	0.156116
19.552	0.227653	0.473263	0.0383315
19.562	0.299204	0.50726	0.0534851
19.572	0.330662	0.472637	-0.189691
19.582	0.404001	0.338599	-0.403943
19.592	0.396247	0.15492	-0.819735
19.601	0.3781	0.167439	-0.83052
19.612	0.379501	-0.278562	-0.828608
19.621	0.339259	-0.359679	-0.695808
19.632	0.377417	-0.289882	-0.491377
19.642	0.471077	-0.206841	-0.33167
19.652	0.54491	-0.127661	-0.229106
19.662	0.418804	-0.0961112	-0.0149102
19.672	0.131745	-0.0763486	0.300963
19.682	-0.0546957	-0.118517	0.511325
19.692	-0.0711019	-0.252465	0.510116
19.702	-0.0951255	-0.356197	0.638987
19.711	-0.107552	-0.300276	0.622357
19.722	-0.2087	-0.352168	0.634742
19.732	-0.443339	-0.243737	0.602923
